
print_11
Strategies
0101010101010101010101010101010101010101010101010101010101010101
0000011111000001111100000111110000011111000001111100000111110000
0000000000000000000000000000000011111111111111111111111111111111
Prehistory
001001


print_12
P1_start
0101010101010101010101010101010101010101010101010101010101010101
P2_strat
0000011111000001111100000111110000011111000001111100000111110000
strat_id_1 = 9
strat_id_2 = 6


print_13
c_opponents
[1, 1, 0]
gener_history_freq
[0, 0, 0, 0, 0, 0, 1, 0, 0, 1, 0, 0, 0, 0, 0, 0, 0, 0, 0, 0, 0, 0, 0, 0, 0, 0, 0, 0, 0, 0, 0, 0, 0, 0, 0, 0, 0, 0, 0, 0, 0, 0, 0, 0, 0, 0, 0, 0, 0, 0, 0, 0, 0, 0, 0, 0, 0, 0, 0, 0, 0, 0, 0, 0]


print_12
P1_start
0000000000000000000000000000000011111111111111111111111111111111
P2_strat
0000011111000001111100000111110000011111000001111100000111110000
strat_id_1 = 24
strat_id_2 = 36


print_13
c_opponents
[1, 2, 1]
gener_history_freq
[0, 0, 0, 0, 0, 0, 1, 1, 0, 1, 0, 1, 0, 0, 0, 0, 0, 0, 1, 0, 0, 0, 0, 0, 1, 0, 0, 0, 1, 0, 0, 0, 0, 1, 0, 0, 1, 0, 0, 0, 0, 0, 0, 0, 1, 0, 0, 0, 0, 1, 1, 0, 0, 0, 0, 0, 0, 0, 0, 0, 0, 0, 0, 0]


print_12
P1_start
0101010101010101010101010101010101010101010101010101010101010101
P2_strat
0000011111000001111100000111110000011111000001111100000111110000
strat_id_1 = 37
strat_id_2 = 26


print_13
c_opponents
[2, 3, 1]
gener_history_freq
[2, 1, 1, 0, 0, 1, 1, 1, 0, 1, 1, 1, 0, 0, 0, 0, 0, 0, 1, 0, 0, 0, 1, 0, 1, 0, 1, 0, 1, 0, 0, 0, 0, 1, 0, 0, 1, 1, 0, 0, 0, 1, 0, 0, 1, 0, 0, 0, 0, 1, 1, 0, 0, 0, 0, 0, 0, 0, 0, 0, 0, 0, 0, 0]


print_12
P1_start
0000000000000000000000000000000011111111111111111111111111111111
P2_strat
0101010101010101010101010101010101010101010101010101010101010101
strat_id_1 = 44
strat_id_2 = 28


print_13
c_opponents
[3, 3, 2]
gener_history_freq
[2, 1, 1, 0, 0, 1, 1, 1, 0, 1, 1, 1, 0, 0, 0, 0, 0, 0, 1, 0, 0, 0, 1, 0, 1, 0, 1, 1, 2, 1, 0, 0, 0, 1, 0, 0, 1, 1, 0, 1, 0, 1, 0, 0, 2, 0, 1, 0, 0, 1, 1, 0, 0, 0, 2, 0, 0, 2, 0, 0, 0, 0, 0, 0]


print_31
After GA operators
temp_Strategies
['0101010101010101010101010101010101010101010101010101010101010101', '0101010101010101010101010101010101010101010101010101010101010101', '0000000000000000000000000000000011111111111111111111111111111111']
parent_Strategies
[1, 1, 1]
child_Strategies
['0101010101010101010101010101010101010101010101010101010101010101', '0101010101010101010101010101010101010101010101010101010101010101', '0000000000000000000000000000000011111111111111111101010101010101']
Strategies
['0101010101010101010101010101010101010101010101010101010101010101', '0101010101010101010101010101010101010101010101010101010101010101', '0000000000000000000000000000000011111111111111111101010101010101']


print_12
P1_start
0101010101010101010101010101010101010101010101010101010101010101
P2_strat
0101010101010101010101010101010101010101010101010101010101010101
strat_id_1 = 11
strat_id_2 = 7


print_13
c_opponents
[1, 1, 0]
gener_history_freq
[0, 0, 0, 0, 0, 0, 0, 1, 0, 0, 0, 1, 0, 0, 0, 0, 0, 0, 0, 0, 0, 0, 0, 0, 0, 0, 0, 0, 0, 0, 0, 0, 0, 0, 0, 0, 0, 0, 0, 0, 0, 0, 0, 0, 0, 0, 0, 0, 0, 0, 0, 0, 0, 0, 0, 0, 0, 0, 0, 0, 0, 0, 0, 0]


print_12
P1_start
0000000000000000000000000000000011111111111111111101010101010101
P2_strat
0101010101010101010101010101010101010101010101010101010101010101
strat_id_1 = 35
strat_id_2 = 19


print_13
c_opponents
[1, 2, 1]
gener_history_freq
[0, 0, 0, 0, 0, 0, 0, 2, 0, 0, 0, 2, 0, 0, 0, 0, 0, 0, 0, 1, 0, 0, 0, 0, 0, 0, 0, 0, 1, 0, 0, 0, 0, 0, 0, 1, 0, 0, 0, 0, 0, 0, 0, 0, 1, 0, 0, 0, 0, 2, 2, 0, 0, 0, 0, 0, 0, 0, 0, 0, 0, 0, 0, 0]


print_12
P1_start
0101010101010101010101010101010101010101010101010101010101010101
P2_strat
0101010101010101010101010101010101010101010101010101010101010101
strat_id_1 = 17
strat_id_2 = 34


print_13
c_opponents
[2, 3, 1]
gener_history_freq
[0, 0, 0, 0, 0, 0, 0, 2, 0, 0, 0, 2, 0, 1, 1, 0, 0, 1, 0, 2, 1, 0, 0, 0, 0, 0, 0, 0, 1, 0, 0, 0, 0, 0, 1, 2, 0, 0, 0, 0, 1, 0, 0, 0, 1, 0, 0, 0, 0, 2, 2, 0, 1, 0, 0, 0, 1, 0, 0, 0, 0, 0, 0, 0]


print_12
P1_start
0000000000000000000000000000000011111111111111111101010101010101
P2_strat
0101010101010101010101010101010101010101010101010101010101010101
strat_id_1 = 45
strat_id_2 = 30


print_13
c_opponents
[3, 3, 2]
gener_history_freq
[0, 0, 0, 0, 0, 0, 1, 2, 0, 1, 0, 2, 0, 1, 1, 0, 0, 2, 0, 2, 1, 0, 0, 0, 2, 0, 0, 0, 1, 0, 1, 0, 0, 0, 2, 2, 2, 0, 0, 0, 1, 0, 0, 0, 1, 1, 0, 0, 0, 2, 2, 0, 1, 0, 0, 0, 1, 0, 0, 0, 0, 0, 0, 0]


print_31
After GA operators
temp_Strategies
['0000000000000000000000000000000011111111111111111101010101010101', '0000000000000000000000000000000011111111111111111101010101010101', '0000000000000000000000000000000011111111111111111101010101010101']
parent_Strategies
[1, 1, 1]
child_Strategies
['0000000000000000000000000000000011111111111111111101010101010101', '0000000000000000000000000000000011111111111111111101010101010101', '0000000000000000000000000000000011111111111111111101010101010101']
Strategies
['0000000000000000000000000000000011111111111111111101010101010101', '0000000000000000000000000000000011111111111111111101010101010101', '0000000000000000000000000000000011111111111111111101010101010101']

