# 2pPd
# CC [30 | 30]
# CD [0 | 50]
# DC [50 | 0]
# DD [10 | 10]
# prob_of_init_c = 0.5
# num_of_opponents = 10
# prehistory_l = 3
# pop_size = 100
# num_of_gener = 10
# tournament_size = 3
# crossover_prob = 0.9
# mutation_prob = 0.003
# elitist_strategy = False
# seed = 3311160045694042426
# num_of_runs = 0
# freq_gen_start = 5
# delta_freq = 10
#
# best strategy
# 1 2 3 4 5 6 7 8 9 10 11 12 13 14 15 16 17 18 19 20 21 22 23 24 25 26 27 28 29 30 31 32 33 34 35 36 37 38 39 40 41 42 43 44 45 46 47 48 49 50 51 52 53 54 55 56 57 58 59 60 61 62 63 64
# gen 0 1 2 3 4 5 6 7 8 9 10 11 12 13 14 15 16 17 18 19 20 21 22 23 24 25 26 27 28 29 30 31 32 33 34 35 36 37 38 39 40 41 42 43 44 45 46 47 48 49 50 51 52 53 54 55 56 57 58 59 60 61 62 63
0 1 0 1 1 0 0 0 1 1 0 1 0 1 0 0 1 1 0 0 0 1 0 0 1 1 0 0 1 0 1 1 1 1 0 1 0 0 0 0 1 0 0 0 0 1 0 1 0 1 0 0 0 0 1 0 1 0 0 0 1 0 1 0 0
1 1 1 1 1 0 1 1 1 0 1 0 0 1 1 0 0 1 0 1 1 0 0 0 1 1 0 1 0 0 0 0 1 1 1 1 0 1 1 0 1 1 1 0 1 0 0 0 0 1 0 0 0 0 1 1 0 0 0 0 0 1 0 0 0
2 0 1 0 1 1 0 1 0 1 1 0 0 1 1 0 0 0 1 1 0 0 1 1 0 0 0 1 1 0 0 1 0 1 1 0 1 0 0 0 0 0 1 1 1 0 0 1 0 1 1 1 0 0 0 1 0 0 1 1 1 0 0 0 1
3 0 0 0 0 1 1 1 1 0 0 0 1 0 0 1 1 0 1 0 0 0 0 1 1 1 0 1 1 0 0 0 1 1 1 0 1 0 0 0 0 0 1 1 1 0 0 0 0 0 0 1 0 0 0 0 1 0 0 0 0 1 0 1 0
4 0 1 0 1 1 0 1 1 1 0 0 1 0 0 1 1 0 1 0 0 0 0 1 1 1 0 1 1 0 0 1 1 0 1 0 0 0 0 0 1 0 1 0 0 1 0 0 1 0 0 0 0 1 1 0 1 0 0 0 1 0 1 1 1
5 0 0 0 1 0 0 0 1 0 1 0 1 1 1 0 0 1 0 0 0 0 0 0 0 0 0 1 1 0 1 1 0 1 0 0 1 0 0 0 0 0 1 1 1 0 0 0 0 0 0 1 0 0 1 0 0 0 1 1 0 0 0 1 1
6 0 0 1 1 0 0 0 1 0 1 0 0 1 1 0 0 0 1 1 0 0 1 1 0 0 0 1 1 0 0 1 0 1 1 0 1 0 0 0 0 0 1 1 1 0 0 0 0 0 0 1 0 0 1 0 0 0 1 1 0 0 0 1 1
7 0 0 1 1 0 0 1 1 0 1 0 0 1 1 0 0 1 0 0 0 0 0 0 0 0 0 1 1 0 1 1 0 1 0 0 1 0 0 0 0 0 1 1 1 0 0 0 0 0 0 1 0 0 1 0 0 0 1 1 0 0 0 1 1
8 0 0 1 0 1 1 1 1 0 0 0 1 0 0 0 1 0 1 0 0 0 1 1 0 1 0 1 1 0 0 0 1 1 1 0 1 0 0 0 0 1 1 1 1 0 0 0 0 0 0 1 0 0 1 0 0 0 1 1 0 0 0 1 1
9 1 0 0 1 1 0 0 0 0 0 1 1 1 1 0 0 1 0 0 0 0 0 0 0 0 1 1 1 0 1 1 1 1 1 1 0 1 1 1 0 0 0 1 1 0 0 0 0 0 0 1 0 0 1 1 1 0 1 0 1 0 0 1 1
